2BLOCK              -	-	-	-	-	-	-	-	-	-	-	-	-	-	-	-	-
AC                  4.20	3.84	4.05	3.34	3.69	3.96	3.69	3.75	3.41	3.71	3.73	4.13	3.55	3.65	3.91	3.96	-
AG                  7.30	4.83	3.78	3.56	3.01	2.85	2.76	2.42	2.21	2.34	2.10	2.00	1.98	1.99	1.78	1.82	-
AKC                 54.08	30.77	22.53	20.38	16.08	14.87	13.93	12.51	11.58	11.22	10.57	10.14	9.67	9.40	9.01	10.38	-
AOSO2               -	1.32	0.98	0.93	0.90	0.93	1.00	0.92	1.07	0.97	0.96	0.91	0.94	0.89	1.07	0.93	-
AOSO4               -	-	2.99	0.87	1.00	0.65	0.51	0.51	0.66	0.57	0.49	0.62	0.55	0.59	0.56	0.59	-
AOSO6               -	-	-	2.54	2.95	0.73	0.73	0.70	0.57	0.46	0.56	0.43	0.53	0.45	0.52	0.60	-
ASKIP               3.36	2.84	2.04	1.87	1.58	1.29	1.06	1.04	1.03	0.78	0.75	0.93	0.69	0.69	0.71	0.62	-
AUT                 3.70	3.74	3.73	3.63	3.68	3.82	3.87	3.71	3.67	3.72	3.89	3.71	3.80	3.76	3.81	3.68	-
BF                  2.51	2.77	2.34	1.85	2.49	2.83	2.90	2.04	2.10	2.39	2.33	2.28	2.37	2.30	1.95	1.68	-
BFS                 3.41	2.05	1.54	1.36	1.08	1.03	0.94	0.83	0.89	0.72	0.76	0.81	0.73	0.77	0.65	0.69	-
BLIM                2.16	1.61	1.18	1.00	1.07	0.93	0.92	0.88	0.97	0.92	0.77	0.89	1.12	1.06	0.86	0.81	-
BM                  5.41	3.07	2.29	1.94	1.50	1.42	1.39	1.31	1.07	1.17	1.05	1.06	1.12	0.91	0.92	1.00	-
BMH-SBNDM           3.45	2.02	1.44	1.18	1.05	1.13	0.86	0.85	0.78	0.74	0.65	0.88	0.74	0.68	0.61	0.59	-
BNDM                2.59	2.07	1.65	1.48	1.26	1.11	1.07	0.87	0.80	0.85	0.76	0.73	0.80	0.76	0.69	0.70	-
BNDML               2.43	2.10	1.63	1.41	1.31	1.13	0.96	0.79	0.87	0.77	0.71	0.74	0.78	0.64	0.65	0.57	-
BNDMQ2              1.63	1.12	0.78	0.70	0.60	0.55	0.63	0.59	0.49	0.54	0.56	0.53	0.45	0.55	0.60	0.55	-
BNDMQ4              -	2.45	1.05	0.65	0.69	0.57	0.44	0.41	0.50	0.54	0.34	0.50	0.35	0.36	0.32	0.30	-
BNDMQ6              -	-	3.39	1.41	0.85	0.76	0.65	0.63	0.50	0.46	0.46	0.38	0.51	0.45	0.45	0.45	-
BOM                 3.53	3.13	2.63	2.43	2.18	2.14	2.28	1.91	1.83	1.95	1.83	1.71	1.62	1.55	1.54	1.54	-
BOM2                2.93	2.42	1.88	1.56	1.42	1.30	1.20	1.05	0.97	0.96	0.78	0.80	0.86	0.77	0.77	0.76	-
BR                  2.88	2.28	1.66	1.24	1.25	1.25	0.96	0.96	0.98	0.80	0.83	0.70	0.73	0.69	0.80	0.64	-
BSDM                -	-	-	-	-	-	-	-	-	-	-	-	-	-	-	-	-
BSDM2               1.46	1.05	1.12	0.74	0.96	0.69	0.85	0.86	0.74	0.68	0.86	0.83	0.84	0.67	0.74	0.67	-
BSDM3               -	-	-	-	-	-	-	-	-	-	-	-	-	-	-	-	-
BSDM4               -	-	-	-	-	-	-	-	-	-	-	-	-	-	-	-	-
BSDM5               -	-	-	-	-	-	-	-	-	-	-	-	-	-	-	-	-
BSDM6               -	-	-	-	-	-	-	-	-	-	-	-	-	-	-	-	-
BSDM7               -	-	-	-	-	-	-	-	-	-	-	-	-	-	-	-	-
BSDM8               -	-	-	-	-	-	-	-	-	-	-	-	-	-	-	-	-
BWW                 3.09	2.40	1.93	1.72	1.51	1.26	1.22	1.14	0.98	0.90	0.88	0.85	0.90	0.87	0.74	0.79	-
BXS                 2.26	2.01	1.58	1.37	1.25	1.15	1.06	0.86	0.81	0.86	0.73	0.78	0.65	0.75	0.68	0.63	-
BXS1                2.20	2.07	1.65	1.29	1.19	1.12	0.99	0.86	0.83	0.74	0.80	0.68	0.66	0.67	0.63	0.52	-
BXS2                1.51	0.87	0.76	-	-	-	-	-	-	-	-	-	-	-	-	-	-
BXS3                -	1.31	0.81	0.64	0.67	0.51	0.51	0.52	0.41	0.43	0.48	0.44	0.34	0.49	0.42	0.44	-
BXS4                -	2.60	1.07	0.68	0.64	0.57	0.50	0.43	0.44	0.37	0.34	0.39	0.44	0.32	0.30	0.34	-
BXS6                -	-	3.69	1.44	0.98	0.84	0.70	0.63	0.49	0.51	0.43	0.51	0.38	0.49	0.38	0.40	-
BXS8                -	-	-	4.85	1.86	1.13	0.90	0.76	0.72	0.53	0.60	0.45	0.58	0.47	0.38	0.43	-
COL                 -	-	-	-	-	-	-	-	-	-	-	-	-	-	-	-	-
DBWW                2.63	2.04	1.59	1.22	1.15	0.92	0.70	0.80	0.67	0.81	0.70	0.84	0.77	0.74	0.91	1.00	-
DBWW2               2.65	2.10	1.57	1.15	1.01	1.02	0.81	0.70	0.81	0.81	0.83	0.88	0.93	0.71	0.88	0.71	-
DFDM                -	-	-	-	-	-	-	-	-	-	-	-	-	-	-	-	-
EBOM                1.39	1.05	0.78	0.60	0.74	0.59	0.66	0.60	0.58	0.62	0.66	0.57	0.58	0.58	0.65	0.69	-
EPSM                0.39	0.40	0.59	0.45	0.35	0.49	0.52	0.42	0.43	0.46	0.40	0.37	0.30	0.33	0.46	0.27	-
FAOSO2              -	1.35	0.90	0.74	0.87	0.71	0.79	0.95	0.75	0.80	0.88	0.78	0.85	0.78	0.80	1.21	-
FAOSO4              -	-	2.89	0.79	0.96	0.66	0.59	0.59	0.59	0.55	0.44	0.63	0.50	0.58	0.60	0.53	-
FAOSO6              -	-	-	2.32	2.75	0.55	0.65	0.55	0.42	0.38	0.49	0.37	0.47	0.36	-	0.46	-
FBOM                2.96	2.21	1.68	1.24	1.27	1.03	1.06	0.96	1.03	0.98	0.72	0.97	0.73	1.05	0.76	0.94	-
FDM                 4.84	5.95	6.21	6.91	7.04	7.31	7.44	7.41	7.59	7.43	7.44	7.89	7.51	7.98	7.94	7.80	-
FFS                 3.34	2.07	1.57	1.32	1.04	1.00	0.86	0.85	0.77	0.91	0.90	0.71	0.81	0.71	0.79	0.75	-
FJS                 2.83	2.10	1.63	1.44	1.15	1.26	0.88	1.10	0.95	1.01	0.77	0.95	0.90	0.91	0.83	0.95	-
FNDM                2.22	2.00	1.55	1.32	1.16	1.21	0.96	0.89	0.83	0.75	0.82	0.72	0.75	0.62	0.62	0.58	-
FS                  3.29	2.06	1.40	1.37	1.06	1.00	0.88	0.92	0.79	0.85	0.67	0.79	0.74	0.77	0.80	0.79	-
FS-W1               3.39	2.11	1.60	1.36	1.15	1.00	0.89	0.89	0.97	0.78	0.79	0.82	0.88	0.72	0.78	0.63	-
FS-W2               2.32	1.51	1.19	0.80	0.85	0.93	0.79	0.59	0.58	0.64	0.52	0.61	0.52	0.63	0.62	0.52	-
FS-W4               2.02	1.33	0.92	0.70	0.78	0.69	0.57	0.58	0.58	0.62	0.52	0.63	0.55	0.51	0.44	0.40	-
FS-W6               1.83	1.31	0.92	0.70	0.79	0.87	0.68	0.58	0.49	0.56	0.41	0.52	0.45	0.50	0.52	0.49	-
FS-W8               1.99	1.42	0.95	0.62	0.76	0.88	0.57	0.66	0.59	0.66	0.56	0.61	0.63	0.43	0.52	0.43	-
FSBNDM              1.69	1.19	0.94	0.80	0.80	0.64	0.66	0.52	0.54	0.50	0.43	0.52	0.47	0.63	0.59	0.57	-
FSBNDM-W1           2.42	1.58	1.10	0.91	0.76	0.83	0.60	0.66	0.67	0.74	0.61	0.76	0.63	0.54	0.51	0.59	-
FSBNDM-W2           2.18	1.40	1.10	0.76	0.85	0.65	0.69	0.49	0.54	0.51	0.46	0.45	0.47	0.50	0.54	0.52	-
FSBNDM-W4           2.28	-	1.12	0.67	0.73	0.71	0.61	0.58	0.71	0.53	0.52	0.52	0.53	0.39	0.40	0.41	-
FSBNDM-W6           2.61	1.89	1.13	0.87	0.83	0.69	0.70	0.52	0.53	0.50	0.53	0.47	0.43	0.57	0.55	0.48	-
FSBNDM-W8           2.96	2.15	1.35	0.89	0.99	0.81	0.67	0.73	0.75	0.64	0.57	0.68	0.59	0.48	0.45	0.49	-
FSBNDMQ20           1.68	0.96	0.84	0.56	0.62	0.61	0.60	0.45	0.58	0.45	0.50	0.49	0.48	0.59	0.60	0.51	-
FSBNDMQ21           1.76	1.26	0.89	0.78	0.81	0.74	0.54	0.64	0.66	0.62	0.53	0.58	0.57	0.50	0.62	0.47	-
FSBNDMQ31           -	1.09	0.75	0.53	0.65	0.49	0.53	0.34	0.44	0.39	0.35	0.38	0.41	0.44	0.45	0.44	-
FSBNDMQ32           -	1.25	0.88	0.70	0.63	0.55	0.46	0.59	0.58	0.49	0.44	0.56	0.44	0.42	0.39	0.39	-
FSBNDMQ41           -	1.43	0.83	0.56	0.73	0.54	0.53	0.49	0.34	0.41	0.38	0.36	0.35	0.42	0.38	0.40	-
FSBNDMQ42           -	1.27	0.82	0.74	0.50	0.50	0.43	0.52	0.41	0.45	0.37	0.43	0.42	0.40	0.33	0.29	-
FSBNDMQ43           -	1.44	0.85	0.70	0.68	0.66	0.53	0.48	0.41	0.42	0.36	0.43	0.44	0.48	0.51	0.42	-
FSBNDMQ61           -	-	1.81	1.11	0.73	0.59	0.53	0.64	0.53	0.46	0.44	0.38	0.44	0.35	0.31	0.31	-
FSBNDMQ62           -	-	1.36	0.86	0.74	0.67	0.56	0.42	0.38	0.37	0.39	0.45	0.34	0.42	0.39	0.34	-
FSBNDMQ64           -	-	0.98	0.71	0.66	0.55	0.53	0.50	0.45	0.52	0.38	0.37	0.37	0.35	0.39	0.35	-
FSBNDMQ81           -	-	-	2.31	1.30	1.00	0.78	0.64	0.55	0.49	0.60	0.57	0.44	0.47	0.38	0.34	-
FSBNDMQ82           -	-	-	1.65	1.14	0.77	0.77	0.60	0.66	0.57	0.42	0.42	0.43	0.36	0.49	0.48	-
FSBNDMQ84           -	-	-	1.11	0.83	0.72	0.69	0.66	0.44	0.44	0.53	0.46	0.56	0.39	0.40	0.41	-
FSBNDMQ86           -	-	-	0.90	0.82	0.70	0.64	0.54	0.50	0.52	0.43	0.41	0.49	0.43	0.55	0.52	-
GG                  -	-	-	-	-	-	-	-	-	-	-	-	-	-	-	-	-
GRASPM              3.21	2.02	1.38	1.20	1.08	1.02	0.79	0.88	0.69	0.73	0.83	0.84	0.70	0.65	0.64	0.57	-
GS                  -	-	-	-	-	-	-	-	-	-	-	-	-	-	-	-	-
HASH3               -	3.60	1.99	1.46	1.21	1.01	0.86	0.69	0.81	0.74	0.65	0.62	0.58	0.56	0.49	0.53	-
HASH5               -	-	3.99	2.08	1.50	1.37	1.12	0.93	0.75	0.71	0.61	0.78	0.54	0.67	0.54	0.49	-
HASH8               -	-	-	8.90	3.14	2.00	1.47	1.25	1.11	0.91	0.88	0.87	0.78	0.62	0.63	0.67	-
HOR                 4.38	2.66	1.76	1.45	1.45	1.28	1.17	0.90	0.90	0.99	0.80	0.91	0.82	0.81	0.74	0.63	-
ILDM1               3.01	2.63	1.97	1.69	1.53	1.47	1.41	1.21	1.00	0.94	0.92	0.95	0.97	0.79	0.81	0.82	-
ILDM2               3.46	2.59	1.96	1.77	1.60	1.50	1.47	1.28	1.26	1.08	1.07	1.07	1.06	0.92	1.02	0.93	-
KBNDM               2.98	1.88	1.42	1.08	1.10	1.10	0.80	0.74	0.90	0.83	0.75	0.80	0.68	0.89	0.81	0.65	-
KMPSKIP             2.33	2.21	1.77	1.39	1.59	1.54	1.44	1.31	1.14	1.15	1.33	1.25	1.14	1.02	1.09	1.05	-
KR                  1.41	1.57	1.37	1.37	1.38	1.22	1.37	1.30	1.38	1.34	1.37	1.36	1.37	1.36	1.37	1.40	-
KSA                 2.25	2.12	2.01	2.10	1.96	2.01	2.02	2.03	2.01	2.04	2.06	1.98	2.07	2.03	2.05	2.02	-
LBNDM               2.53	2.16	1.62	1.44	1.33	1.33	1.14	0.85	0.90	0.88	0.78	0.75	0.68	0.79	0.66	0.57	-
LDM                 4.03	3.72	3.51	3.26	3.44	3.50	3.46	3.57	3.62	3.62	3.76	3.83	3.80	3.70	3.87	3.91	-
MP                  4.39	4.49	4.18	3.82	4.40	4.65	4.66	3.95	3.97	4.19	4.29	4.16	4.17	4.15	3.82	3.66	-
MS                  3.71	2.84	1.89	1.81	1.37	1.18	1.31	1.11	1.07	1.02	0.95	0.91	1.00	1.06	0.81	0.93	-
NSN                 1.93	2.01	2.60	1.78	2.44	2.53	2.10	2.41	1.82	2.12	2.36	2.81	2.16	2.39	1.95	2.59	-
OM                  3.48	2.56	1.85	1.69	1.32	1.41	0.98	1.20	1.11	1.09	1.03	1.08	1.03	0.90	0.96	1.02	-
PBMH                -	-	-	-	-	-	-	-	-	-	-	-	-	-	-	-	-
QF23                -	1.71	1.08	0.94	0.93	0.84	0.94	0.89	0.81	0.81	0.73	0.71	0.74	0.66	0.71	0.64	-
QF24                -	1.27	0.88	0.71	0.66	0.63	0.64	0.57	0.67	0.56	0.54	0.62	0.57	0.61	0.59	0.60	-
QF26                -	1.37	0.80	0.57	0.56	0.51	0.47	0.59	0.48	0.51	0.43	0.46	0.41	0.45	0.50	0.42	-
QF28                -	1.28	0.79	0.66	0.77	0.72	0.70	0.64	0.58	0.69	0.65	0.71	0.63	0.70	0.68	0.61	-
QF33                -	1.20	0.90	0.49	0.51	0.41	0.42	0.50	0.42	0.37	0.34	0.35	0.33	0.38	0.34	0.35	-
QF34                -	1.30	0.77	0.64	0.61	0.57	0.51	0.45	0.47	0.56	0.38	0.42	0.42	0.60	0.40	0.45	-
QF36                -	1.89	1.60	1.10	1.17	0.85	0.87	1.13	0.79	0.76	0.72	0.74	0.73	0.80	0.75	0.75	-
QF42                -	-	1.17	0.81	0.86	0.56	0.59	0.72	0.55	0.56	0.48	0.48	0.47	0.51	0.55	0.49	-
QF43                -	-	0.86	0.71	0.66	0.43	0.37	0.51	0.35	0.35	0.30	0.34	0.31	0.37	0.31	0.43	-
QF44                -	-	1.44	0.85	1.05	0.84	0.80	0.87	0.73	0.73	0.72	0.80	0.79	0.76	0.75	0.60	-
QF62                -	-	-	1.02	0.84	0.71	0.55	0.50	0.35	0.37	0.43	0.40	0.41	0.31	0.37	0.28	-
QF63                -	-	-	2.99	2.52	1.95	1.53	1.80	1.56	1.33	1.14	1.17	1.21	1.13	1.18	0.89	-
QS                  3.28	2.37	1.65	1.33	1.30	1.20	1.10	0.97	0.91	0.96	0.82	0.84	0.72	0.71	0.77	0.64	-
RAITA               3.44	2.17	1.45	1.25	1.04	1.00	0.94	0.91	0.84	0.83	0.88	0.80	0.89	0.75	0.75	0.71	-
RCOL                -	-	-	-	-	-	-	-	-	-	-	-	-	-	-	-	-
SBDM                -	-	-	-	-	-	-	-	-	-	-	-	-	-	-	-	-
SBNDM               2.55	1.22	1.03	0.74	0.72	0.71	0.58	0.65	0.68	0.59	0.66	0.62	0.66	0.60	0.60	0.58	-
SBNDM-BMH           2.62	1.98	1.44	1.28	1.12	0.97	1.04	0.87	0.90	0.81	0.71	0.70	0.65	0.60	0.64	0.60	-
SBNDM-W2            2.33	1.63	1.28	0.90	0.88	0.80	0.69	0.66	0.57	0.61	0.65	0.62	0.56	0.65	0.62	0.70	-
SBNDM-W4            2.51	-	1.26	0.89	0.85	0.75	0.76	0.69	0.75	0.70	0.48	0.48	0.49	0.45	0.44	1.26	-
SBNDM-W6            3.04	2.36	1.55	1.22	1.03	0.87	0.87	0.74	0.66	0.58	0.63	0.63	0.58	0.61	0.61	4.52	-
SBNDM2              1.63	0.93	0.71	0.64	0.70	0.56	0.51	0.57	0.59	0.54	0.46	0.47	0.40	0.45	0.49	0.54	-
SBNDMQ2             1.49	1.18	0.87	0.60	0.55	0.56	0.63	0.45	0.56	0.52	0.58	0.54	0.50	0.53	0.61	0.41	-
SBNDMQ4             -	2.43	1.11	0.69	0.63	0.64	0.47	0.43	0.49	0.42	0.34	0.34	0.34	0.36	0.37	0.42	-
SBNDMQ6             -	-	3.18	1.27	0.83	0.65	0.62	0.55	0.47	0.41	0.47	0.47	0.43	0.46	0.44	0.35	-
SBNDMQ8             -	-	-	4.37	1.61	1.16	0.74	0.78	0.68	0.54	0.47	0.43	0.41	0.46	0.38	0.36	-
SEBOM               1.62	1.16	1.03	0.75	0.86	0.64	0.80	0.72	0.63	0.75	0.74	0.73	0.66	0.75	0.74	0.61	-
SFBOM               3.19	2.21	1.69	1.51	1.12	1.15	1.14	1.43	1.01	1.01	0.79	0.82	0.84	0.77	0.75	0.78	-
SIMON               4.77	4.99	4.25	3.52	4.80	5.36	5.42	4.58	4.06	4.29	4.36	4.31	4.33	4.31	3.57	3.11	-
SKIP                2.46	2.12	1.58	1.34	1.44	1.41	1.13	1.11	0.92	1.06	1.08	0.96	1.04	0.96	0.83	0.84	-
SMITH               3.66	2.55	1.80	1.37	1.33	1.28	1.12	0.93	0.93	0.97	0.82	0.79	0.76	0.69	0.73	0.68	-
SMOA                4.62	4.79	4.17	3.67	4.50	4.92	4.90	3.77	4.04	4.17	4.29	4.25	4.26	4.14	3.50	3.25	-
SO                  1.54	1.42	1.56	1.39	1.28	1.28	1.58	1.39	1.41	1.37	1.42	1.35	1.40	1.44	1.33	1.36	-
SSABS               3.07	2.26	1.74	1.38	1.24	1.26	0.92	1.08	0.93	0.93	0.91	0.82	0.87	0.76	0.87	0.86	-
SSECP               -	-	-	-	-	-	-	-	-	-	-	-	-	-	-	-	-
SSEF                -	-	-	-	-	-	-	-	-	-	-	-	-	-	-	8.85	-
SVM0                4.92	2.95	1.99	1.71	1.36	1.31	1.15	1.08	1.02	0.89	0.90	0.91	0.88	0.81	0.71	0.80	-
SVM1                2.43	2.45	1.98	2.00	1.66	1.62	1.50	1.51	1.37	1.38	1.37	1.31	1.34	1.22	1.35	1.31	-
SVM2                8.12	4.56	3.17	2.63	2.13	1.97	1.75	1.65	1.43	1.42	1.32	1.27	1.15	1.02	1.05	1.12	-
SVM3                7.40	4.17	2.86	2.36	2.03	1.78	1.56	1.40	1.54	1.56	1.23	1.17	1.20	1.09	1.04	1.10	-
SVM4                6.39	3.57	2.57	2.23	2.15	1.78	1.58	1.51	1.46	1.38	1.33	1.29	1.24	1.16	1.06	1.08	-
TBM                 5.93	3.30	2.45	2.01	1.72	1.48	1.40	1.40	1.28	1.20	1.19	1.12	1.05	0.97	1.07	0.99	-
TNDM                2.23	1.93	1.52	1.41	1.23	1.22	0.99	0.83	0.91	0.85	0.68	0.76	0.64	0.72	0.64	0.65	-
TNDMA               2.39	2.11	1.68	1.61	1.36	1.32	1.24	1.03	1.06	1.08	0.96	0.92	0.80	0.75	0.79	0.69	-
TRF                 2.87	2.53	2.09	1.74	1.67	1.48	1.33	1.14	1.19	1.09	1.08	1.07	0.82	1.04	0.98	0.91	-
TS                  1.86	1.91	1.50	1.46	1.25	1.06	1.07	1.11	0.95	1.04	0.98	0.93	0.97	0.91	0.92	0.85	-
TSW                 2.09	1.79	1.33	0.90	1.05	1.09	0.98	0.97	0.91	0.76	0.83	0.87	0.69	0.59	0.77	0.60	-
TUNEDBM             3.57	2.30	1.62	1.43	1.09	1.18	1.05	0.96	0.98	0.83	0.89	0.83	0.78	0.81	0.83	0.83	-
TVSBS               2.59	1.95	1.61	1.42	1.19	1.09	0.81	1.00	0.86	0.85	0.74	0.80	0.87	0.71	0.64	0.65	-
TVSBS-W2            2.11	1.90	1.17	1.02	1.08	1.01	0.85	0.94	0.90	0.72	0.83	0.79	0.67	0.80	0.80	0.79	-
TVSBS-W4            1.82	1.81	1.11	1.01	0.93	0.99	0.93	0.85	0.66	0.71	0.61	0.63	0.72	0.78	0.59	0.54	-
TVSBS-W6            1.90	1.88	1.08	0.86	0.98	0.95	0.77	0.69	0.80	0.81	0.73	0.78	0.68	0.58	0.74	0.64	-
TVSBS-W8            2.06	1.77	1.10	0.89	1.01	0.79	0.81	0.91	0.71	0.65	0.61	0.59	0.75	0.80	0.54	0.52	-
TW                  2.83	2.96	2.91	3.27	3.42	3.40	3.19	2.88	3.11	2.61	2.47	3.48	3.56	3.15	2.75	3.50	-
UFNDMQ2             1.35	1.01	0.74	0.63	0.71	0.58	0.73	0.55	0.53	0.68	0.42	0.48	0.47	0.45	0.53	0.41	-
UFNDMQ4             -	0.97	0.75	0.66	0.51	0.60	0.44	0.39	0.52	0.36	0.45	0.45	0.39	0.40	0.35	0.42	-
UFNDMQ6             -	-	0.89	0.67	0.69	0.53	0.59	0.61	0.40	0.50	0.41	0.36	0.41	0.36	0.41	0.33	-
UFNDMQ8             -	-	-	0.94	0.77	0.68	0.57	0.53	0.63	0.41	0.51	0.52	0.39	0.46	0.40	0.50	-
WW                  3.02	2.60	2.03	1.83	1.56	1.49	1.28	1.09	1.12	1.01	0.90	0.87	0.95	0.79	0.98	0.75	-
ZT                  5.31	3.06	2.13	1.67	1.39	1.20	1.24	1.03	0.99	1.02	0.87	0.91	0.84	0.81	0.81	0.86	-
